00000000000000000000000000000011
00000000000000000000000000000001
00000000000000000000000000000010
00000000000000000000000000000100
00000000000000000000000000000111
00000000000000000000000000000110
11111111111111111101100011110001
00000000000000000000000000001001
00000000000000000000000000000100
00000000000000000000000000000111
00000000000000000000000000000101
00000000000000000000000000000011
00000000000000000000000000000010
00000000000000000000000000001000
00000000000000000000000000000110
11111111111111111101100011110001