v2.0 raw
12288*0 100011 10111101 11111111 11101100 10101111 10101000 0
0 10101111 10101001 0 100 10101111 10101010 0
1000 10101111 10101011 0 1100 10101111 10101100 0
10000 100000 1000 0 0 100000 1001 0
11100 10001101 101010 0 0 100000 1 11011000
11110001 10000 101010 0 10000 100001 101001 0
100 100000 1100 0 1 10001101 1010 0
0 10001101 101011 0 0 100000 1 11011000
11110001 10000 101010 0 1010 100000 1 11011000
11110001 10000 101011 0 1000 100000 1 0
1 10100 101100 0 1 10101101 1011 0
0 100001 1000 0 100 100001 101001 0
100 100000 1 11111111 11111111 1110001 10000001 1100000
10 1000 0 1100 1101 10001111 10101000 0
0 10001111 10101001 0 100 10001111 10101010 0
1000 10001111 10101011 0 1100 10001111 10101100 0
10000 100011 10111101 0 10100 100100 10 0
1010 0 0 0 1100
