00100011101111011111111111101100
10101111101010000000000000000000
10101111101010010000000000000100
10101111101010100000000000001000
10101111101010110000000000001100
10101111101011000000000000010000
00100000000010000010000000000000
00100000000010010010000000011100
10001101001010100000000000000000
00100000000000011101100011110001
00010000001010100000000000010000
00100001001010010000000000000100
00100000000011000000000000000001
10001101000010100000000000000000
10001101001010110000000000000000
00100000000000011101100011110001
00010000001010100000000000001010
00100000000000011101100011110001
00010000001010110000000000001000
00100000000000010000000000000001
00010100001011000000000000000001
10101101000010110000000000000000
00100001000010000000000000000100
00100001001010010000000000000100
00100000000000011111111111111111
01110001100000010110000000000010
00001000000000000000000000001101
10001111101010000000000000000000
10001111101010010000000000000100
10001111101010100000000000001000
10001111101010110000000000001100
10001111101011000000000000010000
00100011101111010000000000010100
00100100000000100000000000001010
00000000000000000000000000001100
